data/rastert_costdis2.asc
ncols         280
nrows         402
xllcorner     1664236.4866
yllcorner     4852841.8762
cellsize      6
NODATA_value  -9999
[rows 224 to 255 of 402, columns 73 to 145 of 280]
-9999 -9999 -9999 -9999 -9999 -9999 -9999 -9999 -9999 -9999 -9999 -9999 -9999 -9999 -9999 -9999 -9999 -9999 -9999 -9999 -9999 -9999 -9999 -9999 -9999 -9999 -9999 -9999 -9999 -9999 -9999 -9999 -9999 -9999 -9999 -9999 -9999 -9999 859.9769 739.9769 690.2712 570.2712 503.9849 383.9849 320.9849 318.4996 316.0143 313.529 311.0437 308.5584 306.0732 303.5879 301.1026 298.6173 296.132 293.6468 291.1615 288.6762 286.1909 283.7056 281.2203 278.7351 276.2498 273.7645 271.2792 268.7939 266.3087 263.8234 261.3381 258.8528 256.3675 253.8822 251.397
-9999 -9999 -9999 -9999 -9999 -9999 -9999 -9999 -9999 -9999 -9999 -9999 -9999 -9999 -9999 -9999 -9999 -9999 -9999 -9999 -9999 -9999 -9999 -9999 -9999 -9999 -9999 -9999 -9999 -9999 -9999 -9999 -9999 -9999 -9999 -9999 -9999 910.7119 810.2712 690.2712 570.2712 520.5656 400.5656 374.4701 314.9849 312.4996 310.0143 307.529 305.0437 302.5584 300.0732 297.5879 295.1026 292.6173 290.132 287.6468 285.1615 282.6762 280.1909 277.7056 275.2203 272.7351 270.2498 267.7645 265.2792 262.7939 260.3087 257.8234 255.3381 252.8528 250.3675 247.8822 245.397
-9999 -9999 -9999 -9999 -9999 -9999 -9999 -9999 -9999 -9999 -9999 -9999 -9999 -9999 -9999 -9999 -9999 -9999 -9999 -9999 -9999 -9999 -9999 -9999 -9999 -9999 -9999 -9999 -9999 -9999 -9999 -9999 -9999 -9999 -9999 -9999 914.2266 861.0063 741.0063 640.5656 520.5656 400.5656 374.4701 311.4701 308.9849 306.4996 304.0143 301.529 299.0437 296.5584 294.0732 291.5879 289.1026 286.6173 284.132 281.6468 279.1615 276.6762 274.1909 271.7056 269.2203 266.7351 264.2498 261.7645 259.2792 256.7939 254.3087 251.8234 249.3381 246.8528 244.3675 241.8822 239.397
-9999 -9999 -9999 -9999 -9999 -9999 -9999 -9999 -9999 -9999 -9999 -9999 -9999 -9999 -9999 -9999 -9999 -9999 -9999 -9999 -9999 -9999 -9999 -9999 -9999 -9999 -9999 -9999 -9999 -9999 -9999 -9999 -9999 -9999 -9999 -9999 864.521 744.521 691.3007 571.3007 494.4701 374.4701 311.4701 305.4701 302.9849 300.4996 298.0143 295.529 293.0437 290.5584 288.0732 285.5879 283.1026 280.6173 278.132 275.6468 273.1615 270.6762 268.1909 265.7056 263.2203 260.7351 258.2498 255.7645 253.2792 250.7939 248.3087 245.8234 243.3381 240.8528 238.3675 235.8822 233.397
-9999 -9999 -9999 -9999 -9999 -9999 -9999 -9999 -9999 -9999 -9999 -9999 -9999 -9999 -9999 -9999 -9999 -9999 -9999 -9999 -9999 -9999 -9999 -9999 -9999 -9999 -9999 -9999 -9999 -9999 -9999 -9999 -9999 -9999 -9999 915.256 814.8154 694.8154 574.8154 521.595 401.595 371.9849 308.9849 302.9849 296.9849 294.4996 292.0143 289.529 287.0437 284.5584 282.0732 279.5879 277.1026 274.6173 272.132 269.6468 267.1615 264.6762 262.1909 259.7056 257.2203 254.7351 252.2498 249.7645 247.2792 244.7939 242.3087 239.8234 237.3381 234.8528 232.3675 229.8822 227.397
-9999 -9999 -9999 -9999 -9999 -9999 -9999 -9999 -9999 -9999 -9999 -9999 -9999 -9999 -9999 -9999 -9999 -9999 -9999 -9999 -9999 -9999 -9999 -9999 -9999 -9999 -9999 -9999 -9999 -9999 -9999 -9999 -9999 -9999 918.7708 865.5504 745.5504 645.1097 525.1097 405.1097 375.4996 312.4996 306.4996 300.4996 294.4996 288.4996 286.0143 283.529 281.0437 278.5584 276.0732 273.5879 271.1026 268.6173 266.132 263.6468 261.1615 258.6762 256.1909 253.7056 251.2204 248.7351 246.2498 243.7645 241.2792 238.7939 236.3087 233.8234 231.3381 228.8528 226.3675 223.8822 221.397
-9999 -9999 -9999 -9999 -9999 -9999 -9999 -9999 -9999 -9999 -9999 -9999 -9999 -9999 -9999 -9999 -9999 -9999 -9999 -9999 -9999 -9999 -9999 -9999 -9999 -9999 -9999 -9999 -9999 -9999 -9999 -9999 -9999 -9999 869.0651 749.0651 695.8448 575.8448 499.0143 379.0143 316.0143 310.0143 304.0143 298.0143 292.0143 286.0143 280.0143 277.529 275.0437 272.5584 270.0732 267.5879 265.1026 262.6173 260.132 257.6468 255.1615 252.6762 250.1909 247.7056 245.2204 242.7351 240.2498 237.7645 235.2792 232.7939 230.3087 227.8234 225.3381 222.8528 220.3675 217.8822 215.397
-9999 -9999 -9999 -9999 -9999 -9999 -9999 -9999 -9999 -9999 -9999 -9999 -9999 -9999 -9999 -9999 -9999 -9999 -9999 -9999 -9999 -9999 -9999 -9999 -9999 -9999 -9999 -9999 -9999 -9999 -9999 -9999 -9999 919.8002 819.3595 699.3595 579.3595 526.1392 406.1392 376.529 313.529 307.529 301.529 295.529 289.529 283.529 277.529 271.529 269.0437 266.5584 264.0732 261.5879 259.1026 256.6173 254.132 251.6468 249.1615 246.6762 244.1909 241.7056 239.2204 236.7351 234.2498 231.7645 229.2792 226.7939 224.3087 221.8234 219.3381 216.8528 214.3675 211.8822 209.397
-9999 -9999 -9999 -9999 -9999 -9999 -9999 -9999 -9999 -9999 -9999 -9999 -9999 -9999 -9999 -9999 -9999 -9999 -9999 -9999 -9999 -9999 -9999 -9999 -9999 -9999 -9999 -9999 -9999 -9999 -9999 -9999 923.3149 870.0946 750.0946 649.6539 529.6539 409.6539 380.0437 317.0437 311.0437 305.0437 299.0437 293.0437 287.0437 281.0437 275.0437 269.0437 263.0437 260.5584 258.0732 255.5879 253.1026 250.6173 248.132 245.6468 243.1615 240.6762 238.1909 235.7056 233.2204 230.7351 228.2498 225.7645 223.2792 220.7939 218.3087 215.8234 213.3381 210.8528 208.3675 205.8822 203.397
-9999 -9999 -9999 -9999 -9999 -9999 -9999 -9999 -9999 -9999 -9999 -9999 -9999 -9999 -9999 -9999 -9999 -9999 -9999 -9999 -9999 -9999 -9999 -9999 -9999 -9999 -9999 -9999 -9999 -9999 -9999 -9999 873.6093 753.6093 700.389 580.389 503.5584 383.5584 320.5584 314.5584 308.5584 302.5584 296.5584 290.5584 284.5584 278.5584 272.5584 266.5584 260.5584 254.5584 252.0732 249.5879 247.1026 244.6173 242.132 239.6468 237.1615 234.6762 232.1909 229.7056 227.2204 224.7351 222.2498 219.7645 217.2792 214.7939 212.3087 209.8234 207.3381 204.8528 202.3675 199.8822 197.397
-9999 -9999 -9999 -9999 -9999 -9999 -9999 -9999 -9999 -9999 -9999 -9999 -9999 -9999 -9999 -9999 -9999 -9999 -9999 -9999 -9999 -9999 -9999 -9999 -9999 -9999 -9999 -9999 -9999 -9999 -9999 924.3444 823.9037 703.9037 583.9037 530.6833 410.6833 381.0732 318.0732 312.0732 306.0732 300.0732 294.0732 288.0732 282.0732 276.0732 270.0732 264.0732 258.0732 252.0732 246.0732 243.5879 241.1026 238.6173 236.132 233.6468 231.1615 228.6762 226.1909 223.7056 221.2204 218.7351 216.2498 213.7645 211.2792 208.7939 206.3087 203.8234 201.3381 198.8528 196.3675 193.8822 191.397
-9999 -9999 -9999 -9999 -9999 -9999 -9999 -9999 -9999 -9999 -9999 -9999 -9999 -9999 -9999 -9999 -9999 -9999 -9999 -9999 -9999 -9999 -9999 -9999 -9999 -9999 -9999 -9999 -9999 -9999 927.8591 874.6387 754.6387 654.1981 534.1981 414.1981 384.5879 321.5879 315.5879 309.5879 303.5879 297.5879 291.5879 285.5879 279.5879 273.5879 267.5879 261.5879 255.5879 249.5879 243.5879 237.5879 235.1026 232.6173 230.132 227.6468 225.1615 222.6762 220.1909 217.7056 215.2204 212.7351 210.2498 207.7645 205.2792 202.7939 200.3087 197.8234 195.3381 192.8528 190.3675 187.8822 185.397
-9999 -9999 -9999 -9999 -9999 -9999 -9999 -9999 -9999 -9999 -9999 -9999 -9999 -9999 -9999 -9999 -9999 -9999 -9999 -9999 -9999 -9999 -9999 -9999 -9999 -9999 -9999 -9999 -9999 -9999 878.1534 758.1534 704.9331 584.9331 508.1026 388.1026 325.1026 319.1026 313.1026 307.1026 301.1026 295.1026 289.1026 283.1026 277.1026 271.1026 265.1026 259.1026 253.1026 247.1026 241.1026 235.1026 229.1026 226.6173 224.132 221.6468 219.1615 216.6762 214.1909 211.7056 209.2204 206.7351 204.2498 201.7645 199.2792 196.7939 194.3087 191.8234 189.3381 186.8528 184.3675 181.8822 179.397
-9999 -9999 -9999 -9999 -9999 -9999 -9999 -9999 -9999 -9999 -9999 -9999 -9999 -9999 -9999 -9999 -9999 -9999 -9999 -9999 -9999 -9999 -9999 -9999 -9999 -9999 -9999 -9999 -9999 747.9625 797.6682 708.4478 588.4478 535.2275 415.2275 385.6173 322.6173 316.6173 310.6173 304.6173 298.6173 292.6173 286.6173 280.6173 274.6173 268.6173 262.6173 256.6173 250.6173 244.6173 238.6173 232.6173 226.6173 220.6173 218.132 215.6468 213.1615 210.6762 208.1909 205.7056 203.2204 200.7351 198.2498 195.7645 193.2792 190.7939 188.3087 185.8234 183.3381 180.8528 178.3675 175.8822 173.397
-9999 -9999 -9999 -9999 -9999 -9999 -9999 -9999 -9999 -9999 -9999 -9999 -9999 -9999 -9999 -9999 -9999 -9999 -9999 -9999 -9999 -9999 -9999 -9999 -9999 -9999 -9999 -9999 578.2569 627.9625 683.7717 658.7422 538.7422 418.7422 389.132 326.132 320.132 314.132 308.132 302.132 296.132 290.132 284.132 278.132 272.132 266.132 260.132 254.132 248.132 242.132 236.132 230.132 224.132 218.132 212.132 209.6468 207.1615 204.6762 202.1909 199.7056 197.2204 194.7351 192.2498 189.7645 187.2792 184.7939 182.3087 179.8234 177.3381 174.8528 172.3675 169.8822 167.397
-9999 -9999 -9999 -9999 -9999 -9999 -9999 -9999 -9999 -9999 -9999 -9999 -9999 -9999 -9999 -9999 -9999 -9999 -9999 -9999 -9999 -9999 -9999 -9999 -9999 -9999 -9999 -9999 458.2569 537.6762 563.7717 589.4773 512.6467 392.6468 329.6468 323.6468 317.6468 311.6468 305.6468 299.6468 293.6468 287.6468 281.6468 275.6468 269.6468 263.6468 257.6468 251.6468 245.6468 239.6468 233.6468 227.6468 221.6468 215.6468 209.6468 203.6468 201.1615 198.6762 196.1909 193.7056 191.2204 188.7351 186.2498 183.7645 181.2792 178.7939 176.3087 173.8234 171.3381 168.8528 166.3675 163.8822 161.397
-9999 -9999 -9999 -9999 -9999 -9999 -9999 -9999 -9999 -9999 -9999 -9999 -9999 -9999 -9999 -9999 -9999 -9999 -9999 -9999 -9999 -9999 -9999 -9999 -9999 -9999 -9999 369.1615 423.6762 417.6762 443.7716 539.7717 419.7716 390.1615 327.1615 321.1615 315.1615 309.1615 303.1615 297.1615 291.1615 285.1615 279.1615 273.1615 267.1615 261.1615 255.1615 249.1615 243.1615 237.1615 231.1615 225.1615 219.1615 213.1615 207.1615 201.1615 195.1615 192.6762 190.1909 187.7056 185.2204 182.7351 180.2498 177.7645 175.2792 172.7939 170.3087 167.8234 165.3381 162.8528 160.3675 157.8822 155.397
-9999 -9999 -9999 -9999 -9999 -9999 -9999 -9999 -9999 -9999 -9999 -9999 -9999 -9999 -9999 -9999 -9999 -9999 -9999 -9999 -9999 -9999 -9999 -9999 -9999 -9999 372.6762 366.6762 360.6762 354.6762 409.1909 423.2864 393.6762 330.6762 324.6762 318.6762 312.6762 306.6762 300.6762 294.6762 288.6762 282.6762 276.6762 270.6762 264.6762 258.6762 252.6762 246.6762 240.6762 234.6762 228.6762 222.6762 216.6762 210.6762 204.6762 198.6762 192.6762 186.6762 184.1909 181.7056 179.2204 176.7351 174.2498 171.7645 169.2792 166.7939 164.3087 161.8234 159.3381 156.8528 154.3675 151.8822 149.397
-9999 -9999 -9999 -9999 -9999 -9999 -9999 -9999 -9999 -9999 -9999 -9999 -9999 -9999 -9999 -9999 -9999 -9999 -9999 -9999 -9999 -9999 -9999 -9999 -9999 -9999 370.1909 364.1909 358.1909 352.1909 346.1909 397.1909 334.1909 328.1909 322.1909 316.1909 310.1909 304.1909 298.1909 292.1909 286.1909 280.1909 274.1909 268.1909 262.1909 256.1909 250.1909 244.1909 238.1909 232.1909 226.1909 220.1909 214.1909 208.1909 202.1909 196.1909 190.1909 184.1909 178.1909 175.7056 173.2204 170.7351 168.2498 165.7645 163.2792 160.7939 158.3087 155.8234 153.3381 150.8528 148.3675 145.8822 143.397
-9999 -9999 -9999 -9999 -9999 -9999 -9999 -9999 -9999 -9999 -9999 -9999 -9999 -9999 -9999 -9999 -9999 -9999 -9999 -9999 -9999 -9999 -9999 -9999 -9999 373.7056 367.7056 361.7056 355.7056 349.7056 343.7056 337.7056 331.7056 325.7056 319.7056 313.7056 307.7056 301.7056 295.7056 289.7056 283.7056 277.7056 271.7056 265.7056 259.7056 253.7056 247.7056 241.7056 235.7056 229.7056 223.7056 217.7056 211.7056 205.7056 199.7056 193.7056 187.7056 181.7056 175.7056 169.7056 167.2204 164.7351 162.2498 159.7645 157.2792 154.7939 152.3087 149.8234 147.3381 144.8528 142.3675 139.8822 137.397
-9999 -9999 -9999 -9999 -9999 -9999 -9999 -9999 -9999 -9999 -9999 -9999 -9999 -9999 -9999 -9999 -9999 -9999 -9999 -9999 -9999 -9999 -9999 -9999 377.2203 371.2203 365.2203 359.2203 353.2203 347.2203 341.2203 335.2203 329.2203 323.2203 317.2203 311.2203 305.2203 299.2203 293.2203 287.2203 281.2203 275.2203 269.2203 263.2203 257.2203 251.2204 245.2204 239.2204 233.2204 227.2204 221.2204 215.2204 209.2204 203.2204 197.2204 191.2204 185.2204 179.2204 173.2204 167.2204 161.2204 158.7351 156.2498 153.7645 151.2792 148.7939 146.3087 143.8234 141.3381 138.8528 136.3675 133.8822 131.397
-9999 -9999 -9999 -9999 -9999 -9999 -9999 -9999 -9999 -9999 -9999 -9999 -9999 -9999 -9999 -9999 -9999 -9999 -9999 -9999 -9999 -9999 -9999 -9999 374.7351 368.7351 362.7351 356.7351 350.7351 344.7351 338.7351 332.7351 326.7351 320.7351 314.7351 308.7351 302.7351 296.7351 290.7351 284.7351 278.7351 272.7351 266.7351 260.7351 254.7351 248.7351 242.7351 236.7351 230.7351 224.7351 218.7351 212.7351 206.7351 200.7351 194.7351 188.7351 182.7351 176.7351 170.7351 164.7351 158.7351 152.7351 150.2498 147.7645 145.2792 142.7939 140.3087 137.8234 135.3381 132.8528 130.3675 127.8822 125.397
-9999 -9999 -9999 -9999 -9999 -9999 -9999 -9999 -9999 -9999 -9999 -9999 -9999 -9999 -9999 -9999 -9999 -9999 -9999 -9999 -9999 -9999 -9999 378.2498 372.2498 366.2498 360.2498 354.2498 348.2498 342.2498 336.2498 330.2498 324.2498 318.2498 312.2498 306.2498 300.2498 294.2498 288.2498 282.2498 276.2498 270.2498 264.2498 258.2498 252.2498 246.2498 240.2498 234.2498 228.2498 222.2498 216.2498 210.2498 204.2498 198.2498 192.2498 186.2498 180.2498 174.2498 168.2498 162.2498 156.2498 150.2498 144.2498 141.7645 139.2792 136.7939 134.3087 131.8234 129.3381 126.8528 124.3675 121.8822 119.397
-9999 -9999 -9999 -9999 -9999 -9999 -9999 -9999 -9999 -9999 -9999 -9999 -9999 -9999 -9999 -9999 -9999 -9999 -9999 -9999 -9999 -9999 -9999 380.7351 374.7351 368.7351 362.7351 356.7351 350.7351 344.7351 338.7351 332.7351 326.7351 320.7351 314.7351 308.7351 -9999 291.7645 285.7645 279.7645 273.7645 267.7645 261.7645 255.7645 249.7645 243.7645 237.7645 231.7645 225.7645 219.7645 213.7645 207.7645 201.7645 195.7645 189.7645 183.7645 177.7645 171.7645 165.7645 159.7645 153.7645 147.7645 141.7645 135.7645 133.2792 130.7939 128.3087 125.8234 123.3381 120.8528 118.3675 115.8822 113.397
-9999 -9999 -9999 -9999 -9999 -9999 -9999 -9999 -9999 -9999 -9999 -9999 -9999 -9999 -9999 -9999 -9999 -9999 -9999 -9999 -9999 -9999 379.7056 382.1909 377.2203 371.2203 365.2203 359.2203 353.2203 347.2203 341.2203 335.2203 329.2203 323.2203 317.2203 -9999 -9999 -9999 283.2792 277.2792 271.2792 265.2792 259.2792 253.2792 247.2792 241.2792 235.2792 229.2792 223.2792 217.2792 211.2792 205.2792 199.2792 193.2792 187.2792 181.2792 175.2792 169.2792 163.2792 157.2792 151.2792 145.2792 139.2792 133.2792 127.2792 124.7939 122.3087 119.8234 117.3381 114.8528 112.3675 109.8822 107.397
-9999 -9999 -9999 -9999 -9999 -9999 -9999 -9999 -9999 -9999 -9999 -9999 -9999 -9999 -9999 -9999 -9999 -9999 -9999 -9999 -9999 371.2203 373.7056 376.1909 378.6762 373.7056 367.7056 361.7056 355.7056 349.7056 343.7056 337.7056 331.7056 325.7056 323.2203 -9999 -9999 -9999 280.7939 274.7939 268.7939 262.7939 256.7939 250.7939 244.7939 238.7939 232.7939 226.7939 220.7939 214.7939 208.7939 202.7939 196.7939 190.7939 184.7939 178.7939 172.7939 166.7939 160.7939 154.7939 148.7939 142.7939 136.7939 130.7939 124.7939 118.7939 116.3087 113.8234 111.3381 108.8528 106.3675 103.8822 101.397
-9999 -9999 -9999 -9999 -9999 -9999 -9999 -9999 -9999 -9999 -9999 -9999 -9999 -9999 -9999 -9999 -9999 -9999 -9999 -9999 -9999 365.2203 367.7056 370.1909 372.6762 375.1615 370.1909 364.1909 358.1909 352.1909 346.1909 340.1909 334.1909 331.7056 -9999 -9999 -9999 -9999 -9999 277.2792 271.2792 265.2792 259.2792 253.2792 247.2792 241.2792 235.2792 229.2792 223.2792 217.2792 211.2792 205.2792 199.2792 193.2792 187.2792 181.2792 175.2792 169.2792 163.2792 157.2792 151.2792 145.2792 139.2792 133.2792 -9999 116.3087 110.3087 107.8234 105.3381 102.8528 100.3675 97.88225 95.39697
-9999 -9999 -9999 -9999 -9999 -9999 -9999 -9999 -9999 -9999 -9999 -9999 -9999 -9999 -9999 -9999 -9999 -9999 -9999 -9999 356.7351 359.2203 361.7056 364.1909 366.6762 369.1615 371.6468 366.6762 360.6762 354.6762 348.6762 342.6762 340.1909 -9999 -9999 -9999 -9999 -9999 -9999 -9999 273.7645 267.7645 261.7645 255.7645 -9999 243.7645 237.7645 231.7645 225.7645 219.7645 213.7645 207.7645 201.7645 195.7645 189.7645 183.7645 177.7645 171.7645 165.7645 159.7645 153.7645 147.7645 141.7645 -9999 -9999 -9999 107.8234 101.8234 99.3381 96.85281 94.36753 91.88225 89.39697
-9999 -9999 -9999 -9999 -9999 -9999 -9999 -9999 -9999 -9999 -9999 -9999 -9999 -9999 -9999 -9999 -9999 -9999 -9999 348.2498 350.7351 353.2203 355.7056 358.1909 360.6762 363.1615 365.6468 368.132 363.1615 357.1615 351.1615 348.6762 346.1909 -9999 -9999 -9999 -9999 -9999 -9999 -9999 276.2498 270.2498 264.2498 -9999 -9999 -9999 240.2498 234.2498 228.2498 222.2498 216.2498 210.2498 204.2498 198.2498 192.2498 186.2498 180.2498 174.2498 168.2498 162.2498 156.2498 -9999 -9999 -9999 -9999 -9999 -9999 99.3381 93.3381 90.85281 88.36753 85.88225 83.39697
-9999 -9999 -9999 -9999 -9999 -9999 -9999 -9999 -9999 -9999 -9999 -9999 -9999 -9999 -9999 -9999 -9999 -9999 -9999 342.2498 344.7351 347.2203 349.7056 352.1909 354.6762 357.1615 359.6468 362.132 364.6173 359.6468 357.1615 354.6762 -9999 -9999 -9999 -9999 -9999 -9999 -9999 -9999 -9999 -9999 -9999 -9999 -9999 -9999 -9999 236.7351 230.7351 224.7351 218.7351 212.7351 -9999 200.7351 194.7351 188.7351 182.7351 176.7351 170.7351 164.7351 -9999 -9999 -9999 -9999 -9999 -9999 -9999 -9999 90.85281 84.85281 82.36753 79.88225 77.39697
-9999 -9999 -9999 -9999 -9999 -9999 -9999 -9999 -9999 -9999 -9999 -9999 -9999 -9999 -9999 -9999 -9999 -9999 333.7645 336.2498 338.7351 341.2203 343.7056 346.1909 348.6762 351.1615 353.6468 356.132 358.6173 361.1026 363.1615 -9999 -9999 -9999 -9999 -9999 -9999 -9999 -9999 -9999 -9999 -9999 -9999 -9999 -9999 -9999 -9999 239.2204 233.2204 227.2204 221.2204 -9999 -9999 -9999 197.2204 191.2204 185.2204 179.2204 -9999 -9999 -9999 -9999 -9999 -9999 -9999 -9999 -9999 -9999 -9999 82.36753 76.36753 73.88225 71.39697
-9999 -9999 -9999 -9999 -9999 -9999 -9999 -9999 -9999 -9999 -9999 -9999 -9999 -9999 -9999 -9999 -9999 325.2792 327.7645 330.2498 332.7351 335.2203 337.7056 340.1909 342.6762 345.1615 347.6468 350.132 352.6173 355.1026 357.5879 -9999 -9999 -9999 -9999 -9999 -9999 -9999 -9999 -9999 -9999 -9999 -9999 -9999 -9999 -9999 -9999 -9999 235.7056 -9999 -9999 -9999 -9999 -9999 199.7056 193.7056 -9999 -9999 -9999 -9999 -9999 -9999 -9999 -9999 -9999 -9999 -9999 -9999 -9999 -9999 73.88225 67.88225 65.39697
