data/rastert_costdis2.asc
ncols         280
nrows         402
xllcorner     1664236.4866
yllcorner     4852841.8762
cellsize      6
NODATA_value  -9999
[rows 192 to 223 of 402, columns 146 to 218 of 280]
465.7645 463.2792 460.7939 458.3087 512.8234 538.9188 650.4335 700.1392 820.1392 940.1392 1025.065 1141.55 1191.256 1311.256 1431.256 1451.565 1392.241 1342.535 1231.021 1181.315 1131.609 1075.8 1026.095 914.5799 864.8743 815.1686 759.3595 709.6539 598.1392 572.0437 578.0437 523.529 529.529 535.529 541.529 547.529 553.529 559.529 565.529 571.529 577.529 583.529 589.529 595.529 601.529 -9999 -9999 -9999 -9999 -9999 -9999 -9999 -9999 -9999 -9999 -9999 -9999 -9999 -9999 -9999 -9999 -9999 -9999 -9999 -9999 -9999 -9999 -9999 -9999 -9999 -9999 -9999 -9999
459.7645 457.2792 454.7939 452.3087 449.8234 504.3381 530.4335 650.4335 770.4335 855.3595 971.8448 1021.55 1141.55 1261.55 1351.447 1331.565 1281.859 1222.535 1172.83 1061.315 1011.609 961.9037 906.0946 856.389 744.8743 695.1686 669.0732 589.6539 563.5585 509.0437 515.0437 521.0437 527.0437 533.0437 539.0437 545.0437 551.0437 557.0437 563.0437 569.0437 575.0437 581.0437 587.0437 593.0437 599.0437 605.0437 -9999 -9999 -9999 -9999 -9999 -9999 -9999 -9999 -9999 -9999 -9999 -9999 -9999 -9999 -9999 -9999 -9999 -9999 -9999 -9999 -9999 -9999 -9999 -9999 -9999 -9999 -9999
453.7645 451.2792 448.7939 446.3087 443.8234 441.3381 504.3381 624.3381 685.6539 802.1392 851.8448 971.8448 1091.845 1181.741 1298.227 1211.565 1161.859 1112.153 1052.83 1003.124 891.6093 841.9037 792.1981 736.389 686.6833 575.1686 549.0732 555.0732 500.5584 506.5584 512.5585 518.5585 524.5585 530.5585 536.5585 542.5585 548.5585 554.5585 617.5585 632.0437 577.529 583.529 589.529 595.529 601.529 607.529 613.529 -9999 -9999 -9999 -9999 -9999 -9999 -9999 -9999 -9999 -9999 -9999 -9999 -9999 -9999 -9999 -9999 -9999 -9999 -9999 -9999 -9999 -9999 -9999 -9999 -9999 -9999
447.7645 445.2792 442.7939 440.3087 437.8234 435.3381 489.8528 515.9482 632.4335 682.1392 802.1392 922.1392 1012.036 1128.521 1178.227 1153.374 1041.859 992.1534 942.4478 883.124 833.4184 721.9037 672.1981 646.1026 566.6833 540.5879 486.0732 492.0732 498.0732 504.0732 510.0732 516.0732 522.0732 528.0732 534.0732 540.0732 546.0732 552.0732 615.0732 644.6833 640.529 586.0143 592.0143 598.0143 604.0143 610.0143 616.0143 -9999 -9999 -9999 -9999 -9999 -9999 -9999 -9999 -9999 -9999 -9999 -9999 -9999 -9999 -9999 -9999 -9999 -9999 -9999 -9999 -9999 -9999 -9999 -9999 -9999 -9999
441.7645 439.2792 436.7939 434.3087 431.8234 429.3381 426.8528 486.3381 512.4335 632.4335 752.4335 842.3301 958.8154 1008.521 1092.698 1033.374 983.6682 872.1534 822.4478 772.7422 713.4184 663.7128 552.1981 526.1026 532.1026 477.5879 483.5879 489.5879 495.5879 501.5879 507.5879 513.5879 519.5879 525.5879 531.5879 537.5879 543.5879 549.5879 555.5879 618.5879 655.0143 592.0143 594.4996 600.4996 606.4996 612.4996 618.4996 624.4996 -9999 -9999 -9999 -9999 -9999 -9999 -9999 -9999 -9999 -9999 -9999 -9999 -9999 -9999 -9999 -9999 -9999 -9999 -9999 -9999 -9999 -9999 -9999 -9999 -9999
435.7645 433.2792 430.7939 428.3087 425.8234 423.3381 420.8528 423.3381 486.3381 606.3381 672.6245 789.1097 838.8154 958.8154 972.6976 922.992 863.6682 813.9625 702.4478 652.7422 626.6467 543.7128 517.6173 463.1026 469.1026 475.1026 481.1026 487.1026 493.1026 499.1026 505.1026 511.1026 517.1026 523.1026 529.1026 535.1026 598.1026 612.5879 618.5879 644.6833 681.1097 655.0143 600.4996 602.9849 608.9849 614.9849 620.9849 626.9849 632.9849 -9999 -9999 -9999 -9999 -9999 -9999 -9999 -9999 -9999 -9999 -9999 -9999 -9999 -9999 -9999 -9999 -9999 -9999 -9999 -9999 -9999 -9999 -9999 -9999
429.7645 427.2792 424.7939 422.3087 419.8234 417.3381 414.8528 417.3381 476.8234 502.9188 619.4041 669.1097 789.1097 909.1097 852.6976 802.992 753.2864 693.9625 644.2569 532.7422 506.6468 509.132 454.6173 460.6173 466.6173 472.6173 478.6173 484.6173 490.6173 496.6173 502.6173 508.6173 514.6173 520.6173 526.6173 589.6173 624.1981 732.5879 738.5879 764.6833 789.4996 669.4996 606.4996 608.9849 611.4702 617.4702 623.4702 629.4702 635.4702 -9999 -9999 -9999 -9999 -9999 -9999 -9999 -9999 -9999 -9999 -9999 -9999 -9999 -9999 -9999 -9999 -9999 -9999 -9999 -9999 -9999 -9999 -9999 -9999
423.7645 421.2792 418.7939 416.3087 413.8234 411.3381 408.8528 411.3381 413.8234 473.3087 499.4041 619.4041 739.4041 792.0214 742.3158 682.992 633.2864 607.1909 524.2569 498.1615 443.6468 446.132 452.132 458.132 464.132 470.132 476.132 482.132 488.132 494.132 500.132 506.132 512.132 518.132 581.132 615.7128 735.7128 793.9037 858.5879 884.6833 815.595 695.595 669.4996 614.9849 617.4702 619.9554 625.9554 631.9554 637.9554 643.9554 -9999 -9999 -9999 -9999 -9999 -9999 -9999 -9999 -9999 -9999 -9999 -9999 -9999 -9999 -9999 -9999 -9999 -9999 -9999 -9999 -9999 -9999 -9999
478.2792 415.2792 412.7939 410.3087 407.8234 405.3381 402.8528 405.3381 407.8234 410.3087 473.3087 593.3087 659.595 672.0214 622.3158 596.2203 513.2864 487.1909 489.6762 435.1615 437.6468 443.6468 449.6468 455.6468 461.6468 467.6468 473.6468 479.6468 485.6468 491.6468 497.6468 503.6468 509.6468 572.6467 607.2275 727.2275 785.4184 905.4184 963.6093 985.3007 865.3007 815.595 704.0803 677.9849 623.4702 625.9554 628.4407 634.4407 640.4407 646.4407 -9999 -9999 -9999 -9999 -9999 -9999 -9999 -9999 -9999 -9999 -9999 -9999 -9999 -9999 -9999 -9999 -9999 -9999 -9999 -9999 -9999 -9999 -9999
504.3747 469.7939 406.7939 404.3087 401.8234 399.3381 396.8528 399.3381 401.8234 404.3087 463.7939 489.8894 606.3747 613.8305 502.3158 476.2203 478.7056 424.1909 426.6762 429.1615 435.1615 441.1615 447.1615 453.1615 459.1615 465.1615 471.1615 477.1615 483.1615 489.1615 495.1615 501.1615 564.1615 598.7422 718.7422 776.9331 896.9331 955.124 1075.124 1035.006 985.3007 873.7859 812.4702 692.4702 629.4702 631.9554 634.4407 636.926 642.926 648.926 654.926 -9999 -9999 -9999 -9999 -9999 -9999 -9999 -9999 -9999 -9999 -9999 -9999 -9999 -9999 -9999 -9999 -9999 -9999 -9999 -9999 -9999 -9999
583.7939 463.7939 400.7939 398.3087 395.8234 393.3381 390.8528 393.3381 395.8234 398.3087 400.7939 460.2792 486.3747 493.8305 467.7351 413.2203 415.7056 418.1909 420.6762 426.6762 432.6762 438.6762 444.6762 450.6762 456.6762 462.6762 468.6762 474.6762 480.6762 486.6762 492.6762 498.6762 561.6762 681.6762 768.4478 888.4478 946.6387 1066.639 1124.83 1155.006 1043.492 958.5656 838.5656 718.5656 692.4702 637.9554 640.4407 642.926 645.4113 651.4113 657.4113 663.4113 -9999 -9999 -9999 -9999 -9999 -9999 -9999 -9999 -9999 -9999 -9999 -9999 -9999 -9999 -9999 -9999 -9999 -9999 -9999 -9999 -9999
609.8894 489.8894 455.3087 392.3087 389.8234 387.3381 384.8528 387.3381 389.8234 392.3087 394.7939 397.2792 456.7645 459.2498 404.7351 407.2203 409.7056 412.1909 418.1909 424.1909 430.1909 436.1909 442.1909 448.1909 454.1909 460.1909 466.1909 472.1909 478.1909 484.1909 490.1909 553.1909 587.7717 707.7717 827.7717 938.1534 1058.153 1116.344 1236.344 1213.197 1128.271 1008.271 888.2712 838.5656 727.0508 700.9554 646.4407 648.926 651.4113 653.8965 659.8965 665.8965 -9999 -9999 -9999 -9999 -9999 -9999 -9999 -9999 -9999 -9999 -9999 -9999 -9999 -9999 -9999 -9999 -9999 -9999 -9999 -9999 -9999
659.595 601.4041 481.4041 446.8234 383.8234 381.3381 378.8528 381.3381 383.8234 386.3087 388.7939 391.2792 393.7645 396.2498 398.7351 401.2203 403.7056 409.7056 415.7056 421.7056 427.7056 433.7056 439.7056 445.7056 451.7056 457.7056 463.7056 469.7056 475.7056 481.7056 487.7056 550.7056 670.7056 757.4773 877.4773 997.4773 1107.859 1227.859 1286.05 1297.977 1177.977 1057.977 1008.271 896.7565 835.4407 715.4407 652.4407 654.926 657.4113 659.8965 662.3818 668.3818 674.3818 -9999 -9999 -9999 -9999 -9999 -9999 -9999 -9999 -9999 -9999 -9999 -9999 -9999 -9999 -9999 -9999 -9999 -9999 -9999 -9999
771.1097 651.1097 560.8234 440.8234 377.8234 375.3381 372.8528 375.3381 377.8234 380.3087 382.7939 385.2792 387.7645 390.2498 392.7351 395.2203 401.2203 407.2203 413.2203 419.2203 425.2203 431.2203 437.2203 443.2203 449.2203 455.2203 461.2203 467.2203 473.2203 479.2203 542.2203 576.8011 696.8011 816.8011 927.1829 1047.183 1167.183 1277.565 1397.565 1347.682 1227.682 1177.977 1066.462 1005.146 -9999 -9999 -9999 660.926 663.4113 665.8965 668.3818 670.8671 676.8671 682.8671 -9999 -9999 -9999 -9999 -9999 -9999 -9999 -9999 -9999 -9999 -9999 -9999 -9999 -9999 -9999 -9999 -9999 -9999 -9999
820.8154 706.9188 586.9188 466.9188 432.3381 369.3381 366.8528 369.3381 371.8234 374.3087 376.7939 379.2792 381.7645 384.2498 386.7351 392.7351 398.7351 404.7351 410.7351 416.7351 422.7351 428.7351 434.7351 440.7351 446.7351 452.7351 458.7351 464.7351 470.7351 533.735 568.3158 688.3158 746.5067 866.5067 986.5067 1096.889 1216.889 1336.889 1447.27 1397.388 1347.682 1236.168 -9999 -9999 -9999 -9999 -9999 666.926 669.4113 671.8965 674.3818 676.8671 679.3524 685.3524 -9999 -9999 -9999 -9999 -9999 -9999 -9999 -9999 -9999 -9999 -9999 -9999 -9999 -9999 -9999 -9999 -9999 -9999 -9999
876.6245 756.6245 636.6245 578.4335 458.4336 423.8528 360.8528 363.3381 365.8234 368.3087 370.7939 373.2792 375.7645 378.2498 384.2498 390.2498 396.2498 402.2498 408.2498 414.2498 420.2498 426.2498 432.2498 438.2498 444.2498 450.2498 456.2498 462.2498 525.2498 559.8305 679.8305 738.0214 858.0214 916.2123 1036.212 1156.212 1266.594 1386.594 1506.594 1517.388 1405.873 -9999 -9999 -9999 -9999 -9999 -9999 -9999 675.4113 677.8965 680.3818 682.8671 685.3524 687.8376 693.8376 -9999 -9999 -9999 -9999 -9999 -9999 -9999 -9999 -9999 -9999 -9999 -9999 -9999 -9999 -9999 -9999 -9999 -9999
871.9037 760.389 710.6833 628.1392 537.8528 417.8528 354.8528 357.3381 359.8234 362.3087 364.7939 367.2792 369.7645 375.7645 381.7645 387.7645 393.7645 399.7645 405.7645 411.7645 417.7645 423.7645 429.7645 435.7645 441.7645 447.7645 510.7645 525.2498 551.3452 671.3452 729.5361 849.5361 907.7271 1027.727 1085.918 1205.918 1325.918 1436.3 1556.3 -9999 -9999 -9999 -9999 -9999 -9999 -9999 -9999 -9999 -9999 683.8965 686.3818 688.8671 691.3524 693.8376 696.3229 -9999 -9999 -9999 -9999 -9999 -9999 -9999 -9999 -9999 -9999 -9999 -9999 -9999 -9999 -9999 -9999 -9999 -9999
751.9037 702.1981 590.6833 540.9777 514.8823 411.8528 348.8528 351.3381 353.8234 356.3087 358.7939 361.2792 367.2792 373.2792 379.2792 385.2792 391.2792 397.2792 403.2792 409.2792 415.2792 421.2792 427.2792 433.2792 439.2792 502.2792 536.86 645.2498 671.3452 721.0508 841.0508 899.2418 1019.242 1077.433 1197.433 1255.624 1375.624 1495.624 -9999 -9999 -9999 -9999 -9999 -9999 -9999 -9999 -9999 -9999 -9999 689.8965 692.3818 694.8671 697.3524 699.8376 702.3229 704.8082 -9999 -9999 -9999 -9999 -9999 -9999 -9999 -9999 -9999 -9999 -9999 -9999 -9999 -9999 -9999 -9999 -9999
641.5219 582.1981 532.4924 420.9777 394.8823 397.3675 342.8528 345.3381 347.8234 350.3087 352.7939 358.7939 364.7939 370.7939 433.7939 448.2792 454.2792 460.2792 466.2792 472.2792 478.2792 484.2792 490.2792 496.2792 502.2792 528.3747 648.3747 706.5656 791.3452 841.0508 890.7565 1010.756 1068.947 1188.947 1247.138 1367.138 -9999 -9999 -9999 -9999 -9999 -9999 -9999 -9999 -9999 -9999 -9999 -9999 -9999 -9999 698.3818 700.8671 703.3524 705.8376 708.3229 710.8082 -9999 -9999 -9999 -9999 -9999 -9999 -9999 -9999 -9999 -9999 -9999 -9999 -9999 -9999 -9999 -9999 -9999
521.5219 495.4264 412.4924 386.397 331.8823 334.3675 336.8528 339.3381 341.8234 344.3087 350.3087 356.3087 362.3087 425.3087 459.8894 568.2792 574.2792 580.2792 586.2792 592.2792 598.2792 604.2792 610.2792 616.2792 622.2792 648.3747 698.0803 818.0803 876.2712 961.0508 1010.756 1060.462 1180.462 1238.653 -9999 -9999 -9999 -9999 -9999 -9999 -9999 -9999 -9999 -9999 -9999 -9999 -9999 -9999 -9999 -9999 704.3818 706.8671 709.3524 711.8376 714.3229 716.8082 -9999 -9999 -9999 -9999 -9999 -9999 -9999 -9999 -9999 -9999 -9999 -9999 -9999 -9999 -9999 -9999 -9999
401.5219 375.4264 377.9117 323.397 325.8823 328.3675 330.8528 333.3381 335.8234 341.8234 404.8234 419.3087 425.3087 451.4041 571.4041 629.595 694.2792 700.2792 706.2792 712.2792 718.2792 724.2792 730.2792 736.2792 742.2792 768.3747 818.0803 867.7859 987.7859 1045.977 1130.756 1180.462 1230.168 -9999 -9999 -9999 -9999 -9999 -9999 -9999 -9999 -9999 -9999 -9999 -9999 -9999 -9999 -9999 -9999 -9999 710.3818 712.8671 715.3524 717.8376 720.3229 722.8082 725.2935 -9999 -9999 -9999 -9999 -9999 -9999 -9999 -9999 -9999 -9999 -9999 -9999 -9999 -9999 -9999 -9999
375.4264 312.4264 314.9117 317.397 319.8823 322.3675 324.8528 327.3381 390.3381 404.8234 430.9188 539.3087 545.3087 571.4041 621.1097 741.1097 799.3007 820.2792 826.2792 832.2792 838.2792 844.2792 850.2792 856.2792 862.2792 888.3747 938.0803 987.7859 1037.492 1157.492 1215.682 -9999 -9999 -9999 -9999 -9999 -9999 -9999 -9999 -9999 -9999 -9999 -9999 -9999 -9999 -9999 -9999 -9999 -9999 -9999 -9999 718.8671 721.3524 723.8376 -9999 -9999 -9999 -9999 -9999 -9999 -9999 -9999 -9999 -9999 -9999 -9999 -9999 -9999 -9999 -9999 -9999 -9999 -9999
365.9117 306.4264 308.9117 311.397 313.8823 316.3675 318.8528 381.8528 416.4336 524.8234 550.9188 600.6245 665.3087 691.4041 741.1097 790.8154 910.8154 940.2792 946.2792 952.2792 958.2792 964.2792 970.2792 976.2792 982.2792 1008.375 1058.08 1107.786 1157.492 -9999 -9999 -9999 -9999 -9999 -9999 -9999 -9999 -9999 -9999 -9999 -9999 -9999 -9999 -9999 -9999 -9999 -9999 -9999 -9999 -9999 -9999 724.8671 -9999 -9999 -9999 -9999 -9999 -9999 -9999 -9999 -9999 -9999 -9999 -9999 -9999 -9999 -9999 -9999 -9999 -9999 -9999 -9999 -9999
302.9117 300.4264 302.9117 305.397 307.8823 310.3675 316.3675 379.3675 499.3675 586.1392 670.9188 720.6245 770.3301 811.4041 861.1097 910.8154 960.521 1060.279 1066.279 1072.279 1078.279 1084.279 1090.279 1096.279 1102.279 1128.375 1178.08 1227.786 -9999 -9999 -9999 -9999 -9999 -9999 -9999 -9999 -9999 -9999 -9999 -9999 -9999 -9999 -9999 -9999 -9999 -9999 -9999 -9999 -9999 -9999 -9999 -9999 -9999 -9999 0 -9999 -9999 -9999 -9999 -9999 -9999 -9999 -9999 -9999 -9999 -9999 -9999 -9999 -9999 -9999 -9999 -9999 -9999
296.9117 294.4264 296.9117 299.397 301.8823 -9999 379.3675 405.463 525.463 645.463 755.8448 840.6245 890.3301 931.4041 981.1097 1030.815 1080.521 1130.227 1186.279 1192.279 1198.279 1204.279 1210.279 1216.279 1222.279 1248.375 -9999 -9999 -9999 -9999 -9999 -9999 -9999 -9999 -9999 -9999 -9999 -9999 -9999 -9999 -9999 -9999 -9999 -9999 -9999 -9999 -9999 -9999 -9999 -9999 -9999 -9999 -9999 -9999 -9999 -9999 -9999 -9999 -9999 -9999 -9999 -9999 -9999 -9999 -9999 -9999 -9999 -9999 -9999 -9999 -9999 -9999 -9999
290.9117 288.4264 290.9117 293.397 -9999 -9999 -9999 525.463 575.1686 695.1686 815.1686 925.5504 1010.33 1051.404 1101.11 1150.815 1200.521 1250.227 1299.932 1312.279 1318.279 1324.279 1330.279 1336.279 -9999 -9999 -9999 -9999 -9999 -9999 -9999 -9999 -9999 -9999 -9999 -9999 -9999 -9999 -9999 -9999 -9999 -9999 -9999 -9999 -9999 -9999 -9999 -9999 -9999 -9999 -9999 -9999 -9999 -9999 -9999 408.3229 414.3229 420.3229 -9999 -9999 -9999 -9999 -9999 -9999 -9999 -9999 -9999 -9999 -9999 -9999 -9999 -9999 -9999
284.9117 282.4264 284.9117 287.397 -9999 -9999 -9999 645.463 695.1686 744.8743 864.8743 984.8743 1095.256 1171.404 1221.11 1270.815 1320.521 1370.227 1419.932 1432.279 1438.279 1444.279 1450.279 -9999 -9999 -9999 -9999 -9999 -9999 -9999 -9999 -9999 -9999 -9999 -9999 -9999 -9999 -9999 -9999 -9999 -9999 -9999 -9999 -9999 -9999 -9999 -9999 -9999 -9999 -9999 -9999 -9999 394.8671 397.3524 399.8377 405.8377 411.8377 417.8377 423.8377 -9999 -9999 -9999 -9999 -9999 -9999 -9999 -9999 -9999 -9999 -9999 -9999 -9999 -9999
278.9117 276.4264 278.9117 281.397 283.8823 -9999 -9999 -9999 815.1686 864.8743 914.5799 1034.58 1154.58 1264.962 1341.11 1390.815 1440.521 1490.227 1539.932 1552.279 1558.279 -9999 -9999 -9999 -9999 -9999 -9999 -9999 -9999 -9999 -9999 -9999 -9999 -9999 -9999 -9999 -9999 -9999 -9999 -9999 -9999 -9999 -9999 -9999 -9999 -9999 -9999 -9999 378.926 381.4113 383.8965 386.3818 388.8671 391.3524 397.3524 403.3524 409.3524 415.3524 421.3524 -9999 -9999 -9999 -9999 -9999 -9999 -9999 -9999 -9999 -9999 -9999 -9999 -9999 -9999
272.9117 270.4264 272.9117 275.397 277.8823 -9999 -9999 -9999 -9999 984.8743 1034.58 1084.286 1204.286 1324.286 1434.667 1510.815 1560.521 1610.227 1659.932 -9999 -9999 -9999 -9999 -9999 -9999 -9999 -9999 -9999 -9999 -9999 -9999 -9999 -9999 -9999 -9999 -9999 -9999 -9999 -9999 -9999 -9999 -9999 -9999 -9999 -9999 370.4407 367.9554 370.4407 372.926 375.4113 377.8965 380.3818 382.8671 388.8671 394.8671 400.8671 406.8671 412.8671 418.8671 -9999 -9999 -9999 -9999 -9999 -9999 -9999 -9999 -9999 -9999 -9999 -9999 -9999 -9999
266.9117 264.4264 266.9117 269.397 271.8823 274.3675 -9999 -9999 -9999 1104.874 1154.58 1204.286 1253.991 1373.991 1493.991 1604.373 1680.521 1730.227 -9999 -9999 -9999 -9999 -9999 -9999 -9999 -9999 -9999 -9999 -9999 -9999 -9999 -9999 -9999 -9999 -9999 -9999 -9999 -9999 -9999 -9999 -9999 -9999 -9999 369.4113 366.926 364.4407 361.9554 364.4407 366.926 369.4113 371.8965 374.3818 380.3818 386.3818 392.3818 398.3818 404.3818 410.3818 416.3818 422.3818 -9999 -9999 -9999 -9999 -9999 -9999 -9999 -9999 -9999 -9999 -9999 -9999 -9999
260.9117 258.4264 260.9117 263.397 265.8823 268.3675 -9999 -9999 -9999 -9999 1274.58 1324.286 1373.991 1423.697 1543.697 1663.697 -9999 -9999 -9999 -9999 -9999 -9999 -9999 -9999 -9999 -9999 -9999 -9999 -9999 -9999 -9999 -9999 -9999 -9999 -9999 -9999 -9999 -9999 -9999 -9999 -9999 -9999 -9999 363.4113 360.926 358.4407 355.9554 358.4407 360.926 363.4113 365.8965 371.8965 377.8965 383.8965 389.8965 395.8965 401.8965 407.8965 413.8965 419.8965 -9999 -9999 -9999 -9999 -9999 -9999 -9999 -9999 -9999 -9999 -9999 -9999 -9999
254.9117 252.4264 254.9117 257.397 259.8823 262.3675 264.8528 -9999 -9999 -9999 -9999 1444.286 1493.991 1543.697 1593.402 -9999 -9999 -9999 -9999 -9999 -9999 -9999 -9999 -9999 -9999 -9999 -9999 -9999 -9999 -9999 -9999 -9999 -9999 -9999 -9999 -9999 -9999 -9999 -9999 -9999 -9999 -9999 -9999 -9999 354.926 352.4407 349.9554 352.4407 354.926 357.4113 363.4113 369.4113 375.4113 381.4113 387.4113 393.4113 399.4113 405.4113 411.4113 417.4113 -9999 -9999 -9999 -9999 -9999 -9999 -9999 -9999 -9999 -9999 -9999 -9999 -9999
